Topic 0	Topic 1	Topic 2	Topic 3	Topic 4	Topic 5	Topic 6	Topic 7	Topic 8	Topic 9	Topic 10	Topic 11	Topic 12	Topic 13	Topic 14	Topic 15	Topic 16	Topic 17	Topic 18	Topic 19	Topic 20	Topic 21	Topic 22	Topic 23	Topic 24	Topic 25	Topic 26	Topic 27	Topic 28	Topic 29	Topic 30	Topic 31	Topic 32
0.0	6.542160365409374	6.655709471034889	6.740126800501162	6.0967409554162355	1.0798544503688035	2.2218822537651595	6.429076314892729	24.547552162392087	0.936647477960765	23.98122407966348	24.469236724933882	6.669384441726712	6.237891556271533	5.950662496290169	2.848706936298478	24.25836429129262	1.9714163111139689	23.369649623971736	2.2962054541952583	6.882908857797135	24.2695461443802	6.453592034181425	2.3019615465933767	24.005676579564277	6.869679082893999	23.982373125921697	6.536046307860791	0.35843260762022033	2.8890109996069824	23.30808039874134	0.44520472911592174	5.901037861766543
6.542160365409374	0.0	3.1139619252948343	2.8932328648034575	1.3737734093946996	7.456511819683178	8.404091935272058	0.5723167087765881	20.37462345712502	7.321620481525787	20.03850391557322	20.324992855915568	1.90935397129323	0.31948793017361987	1.8435379620981536	9.258004005758247	20.097341778932023	8.348077037493896	19.501975441743244	8.665914277110137	3.600077192868223	20.344847246444218	0.3417246931486835	8.507592020615826	20.0239511355088	3.931770223190182	20.105970337299784	1.410716859190334	6.846438597282731	9.309665012879588	19.45549333925244	6.930215853279559	1.957829038991102
6.655709471034889	3.1139619252948343	0.0	0.2674894226267712	1.80314478535535	7.728032075120439	8.848164915041625	2.5421888805054573	18.28306223391727	7.583097052332441	17.827022075444102	18.217903902702744	1.2418478910964856	3.1618066407063377	1.415300787972762	9.49248277897291	17.997647629736385	8.627092454937928	17.250224004175212	8.951424705558633	0.4925010208181107	18.126744731106083	3.41924929380832	8.936571365257597	17.83160771909269	0.8193182885023971	17.862902715316107	1.7136997887395515	7.0126047519898185	9.528429488813734	17.196200643632086	7.100336295861624	1.3416663299698595
6.740126800501162	2.8932328648034575	0.2674894226267712	0.0	1.6175844314773415	7.80728657417811	8.91942033142228	2.3237844063586595	18.31156582904992	7.662243202929667	17.870134578634232	18.248254926973825	0.9989321098485658	2.9579292514469366	1.2708276904655473	9.583715721456059	18.026922817086824	8.710797025261414	17.298087224389466	9.036165995409194	0.712089924360404	18.170924200169583	3.2057494685989205	9.009495164175787	17.872288508192177	1.061106200904434	17.910101779938984	1.4847017155310844	7.095552765712487	9.621075366897601	17.245004810785996	7.183621078239539	1.2145132205980964
6.0967409554162355	1.3737734093946996	1.80314478535535	1.6175844314773415	0.0	7.104772743925064	8.149049650180055	0.8188245894940713	19.672379238760936	6.962394057419603	19.275970169772563	19.614981071000038	0.7809040234249193	1.369791882579818	0.4725562066542707	8.920448030005492	19.390576513865568	8.016644874977679	18.71826926306751	8.342589891650762	2.295645791927562	19.579494188861773	1.6463783819679052	8.247242715983113	19.270984351675057	2.6060022315565474	19.32765536794326	0.4438329119710395	6.43282799733864	8.965796777347796	18.66790260108455	6.520510991328018	0.5892772594760612
1.0798544503688035	7.456511819683178	7.728032075120439	7.80728657417811	7.104772743925064	0.0	1.1458905700737554	7.387142085542584	25.612839554434466	0.14504589257670233	25.039114477787216	25.533675686911682	7.703652837157687	7.145070897308677	6.9831814065340545	1.8167307630171616	25.323518485033777	0.9127179321876225	24.425394409227778	1.239435551862986	7.960922244106063	25.326438362249867	7.3399330670897545	1.2230072695105347	25.064979090933157	7.949483495822905	25.03772290580967	7.54694444332263	0.7217012177083616	1.863911621175603	24.363314773475913	0.6367616483101821	6.938739221931658
2.2218822537651595	8.404091935272058	8.848164915041625	8.91942033142228	8.149049650180055	1.1458905700737554	0.0	8.378784126354299	26.757713731504168	1.2863913960999518	26.181521065140934	26.678320150528993	8.774845196413779	8.087791461127354	8.054235301505516	0.9741369981529457	26.468360074003463	0.4777727317227763	25.56694148956188	0.4838129151644328	9.091985932427061	26.46843810656123	8.260816402543094	0.10634603939689474	26.207928269684043	9.08732379430714	26.179086609625895	8.592726898761335	1.8652946582489125	1.03822023631778	25.504647726908786	1.7817700008878323	8.01569353550688
6.429076314892729	0.5723167087765881	2.5421888805054573	2.3237844063586595	0.8188245894940713	7.387142085542584	8.378784126354299	0.0	19.986656985792404	7.248538521691912	19.629278763844333	19.93426270323694	1.3478598823114005	0.6720781511698664	1.2913754496899421	9.200507928522729	19.707666133248917	8.290503580178704	19.085221062606642	8.612750486308768	3.029109937862289	19.93475915331138	0.8842593669787938	8.480392954926927	19.61804606405808	3.359665736507877	19.691306807640725	0.8464366095504944	6.748297582211848	9.249639344355119	19.037383641843142	6.834118465604446	1.4079753270320594
24.547552162392087	20.37462345712502	18.28306223391727	18.31156582904992	19.672379238760936	25.612839554434466	26.757713731504168	19.986656985792404	0.0	25.474715626364585	1.0923755436868259	0.1422494411846611	18.892846429533957	20.621047967836784	19.50170196569512	27.189197727228656	0.28986284007835716	26.43624834608079	1.6543972935441942	26.737379173817104	17.916507396687344	1.0881126480738028	20.702684996113646	26.829426989236293	0.9417149976830871	17.82855896131402	1.3417158648277792	19.303672495574027	24.898922254818057	27.208223524029986	1.7357926979996556	24.97993255454321	19.47952259225985
0.936647477960765	7.321620481525787	7.583097052332441	7.662243202929667	6.962394057419603	0.14504589257670233	1.2863913960999518	7.248538521691912	25.474715626364585	0.0	24.902714424462033	25.39575852405151	7.559712093734387	7.010720223615671	6.839296099229854	1.9582879410330032	25.185425909177212	1.0564608829119577	24.289464169555725	1.3833042777074545	7.816529471447323	25.190262214114274	7.2075104818459765	1.365351273352976	24.928261437890164	7.805870978840601	24.901883598675067	7.404418162291776	0.5790975733678249	2.0046804896517854	24.227495459601304	0.49546817949714494	6.794581522864635
23.98122407966348	20.03850391557322	17.827022075444102	17.870134578634232	19.275970169772563	25.039114477787216	26.181521065140934	19.629278763844333	1.0923755436868259	24.902714424462033	0.0	0.9501631398831343	18.49507985272048	20.274230277190124	19.082494128085184	26.582684321702718	0.9503591884362428	25.847836966572157	0.6558428787481579	26.144339964421007	17.442834582076912	0.3089555150905683	20.37102070751588	26.250443626913153	0.164336981915514	17.335578215297215	0.27953004000521087	18.9208448649718	24.329634633463176	26.599599295547797	0.7333278756912465	24.4092484016781	19.05428909018872
24.469236724933882	20.324992855915568	18.217903902702744	18.248254926973825	19.614981071000038	25.533675686911682	26.678320150528993	19.93426270323694	0.1422494411846611	25.39575852405151	0.9501631398831343	0.0	18.835153462192352	20.57009053767921	19.44138970571081	27.10601478623379	0.23266313804326347	26.35529403051656	1.5162700597205265	26.65586257744458	17.849066516902763	0.953414919711018	20.65366967173945	26.749686604866827	0.7996236262351257	17.75867559135479	1.2007212562313951	19.24793980636849	24.820262459492206	27.124776258831535	1.597793586243057	24.90110332474916	19.418444469331607
6.669384441726712	1.90935397129323	1.2418478910964856	0.9989321098485658	0.7809040234249193	7.703652837157687	8.774845196413779	1.3478598823114005	18.892846429533957	7.559712093734387	18.49507985272048	18.835153462192352	0.0	2.004564840756905	0.7207878567303031	9.512136451181913	18.6108852860317	8.616172973799332	17.937427534509627	8.943006739760069	1.7110161541066804	18.798593433248815	2.2317758122602207	8.87063939774793	18.49016384855874	2.0574406939316097	18.54678025235543	0.5016871688329796	7.014391059299984	9.55483400363446	17.887100374523044	7.1026880043991865	0.7706133241122285
6.237891556271533	0.31948793017361987	3.1618066407063377	2.9579292514469366	1.369791882579818	7.145070897308677	8.087791461127354	0.6720781511698664	20.621047967836784	7.010720223615671	20.274230277190124	20.57009053767921	2.004564840756905	0.0	1.819753806473545	8.94458353909105	20.342934404373157	8.034903575001607	19.733601626038	8.352167313463934	3.6531810155446567	20.58013011049669	0.31207633557536174	8.191423955522264	20.261422449231848	3.9718489345466965	20.338774027821266	1.5041330484047204	6.539445398138568	8.996514825763073	19.68636669834582	6.622846935343735	1.9274648274897395
5.950662496290169	1.8435379620981536	1.415300787972762	1.2708276904655473	0.4725562066542707	6.9831814065340545	8.054235301505516	1.2913754496899421	19.50170196569512	6.839296099229854	19.082494128085184	19.44138970571081	0.7207878567303031	1.819753806473545	0.0	8.792262265234143	19.218434327981562	7.895752005645884	18.517095712923165	8.222569901209074	1.9025604303854398	19.38465730909665	2.1062546245541958	8.14995265214854	19.081209217082705	2.1909459269188525	19.128019228644927	0.7106281889862257	6.294922281389608	8.835164055240906	18.46526444245954	6.383187753555249	0.11802440702322582
2.848706936298478	9.258004005758247	9.49248277897291	9.583715721456059	8.920448030005492	1.8167307630171616	0.9741369981529457	9.200507928522729	27.189197727228656	1.9582879410330032	26.582684321702718	27.10601478623379	9.512136451181913	8.94458353909105	8.792262265234143	0.0	26.899438366982896	0.9104471584026813	25.960652750444567	0.5941179891514922	9.70115432042698	26.86560165020501	9.13098689142119	0.8729665872024038	26.61452316010504	9.666847839764223	26.570823452478756	9.362293889360046	2.4988044324931264	0.06506234007092847	25.89656585372697	2.4104042605641927	8.745324909140468
24.25836429129262	20.097341778932023	17.997647629736385	18.026922817086824	19.390576513865568	25.323518485033777	26.468360074003463	19.707666133248917	0.28986284007835716	25.185425909177212	0.9503591884362428	0.23266313804326347	18.6108852860317	20.342934404373157	19.218434327981562	26.899438366982896	0.0	26.146691096521895	1.4419856073143587	26.447761246432204	17.63021525549043	1.0261919005884745	20.425799621560472	26.540023967276575	0.7877242349717742	17.541427348108417	1.221728534630818	19.022762086579352	24.60967852507736	26.918447118074766	1.5218975635471321	24.690662047395623	19.195891797593408
1.9714163111139689	8.348077037493896	8.627092454937928	8.710797025261414	8.016644874977679	0.9127179321876225	0.4777727317227763	8.290503580178704	26.43624834608079	1.0564608829119577	25.847836966572157	26.35529403051656	8.616172973799332	8.034903575001607	7.895752005645884	0.9104471584026813	26.146691096521895	0.0	25.23027862255454	0.3268788136097344	8.850442515543202	26.133234826209108	8.222781852119136	0.4803054866688337	25.876379195825862	8.829392343839094	25.841747720397784	8.458994789659034	1.615247001855404	0.9616113067522426	25.16728489904124	1.527220498617044	7.8509683810126845
23.369649623971736	19.501975441743244	17.250224004175212	17.298087224389466	18.71826926306751	24.425394409227778	25.56694148956188	19.085221062606642	1.6543972935441942	24.289464169555725	0.6558428787481579	1.5162700597205265	17.937427534509627	19.733601626038	18.517095712923165	25.960652750444567	1.4419856073143587	25.23027862255454	0.0	25.525596855586056	16.86064060708583	0.9090530837195091	19.835927206438686	25.635148642367096	0.74997543120514	16.747431313833737	0.6139676878988314	18.36814353907547	23.71721102959006	25.977072032032908	0.08169015923057261	23.796446761597924	18.486877819503906
2.2962054541952583	8.665914277110137	8.951424705558633	9.036165995409194	8.342589891650762	1.239435551862986	0.4838129151644328	8.612750486308768	26.737379173817104	1.3833042777074545	26.144339964421007	26.65586257744458	8.943006739760069	8.352167313463934	8.222569901209074	0.5941179891514922	26.447761246432204	0.3268788136097344	25.525596855586056	0.0	9.172368027347593	26.42910781624848	8.537525255554067	0.41585219435507664	26.17373226987744	9.148791027112303	26.136754169292967	8.785041616380749	1.9407780292783292	0.6496636184961191	25.46231592758716	1.8526194408209857	8.177841856976288
6.882908857797135	3.600077192868223	0.4925010208181107	0.712089924360404	2.295645791927562	7.960922244106063	9.091985932427061	3.029109937862289	17.916507396687344	7.816529471447323	17.442834582076912	17.849066516902763	1.7110161541066804	3.6531810155446567	1.9025604303854398	9.70115432042698	17.63021525549043	8.850442515543202	16.86064060708583	9.172368027347593	0.0	17.74121701375193	3.9083153547266143	9.177481329083081	17.450306206517876	0.36092157332030006	17.47391784827566	2.194496625711846	7.2411826118003955	9.734543029922047	16.805543904975952	7.328083793504813	1.824118406253455
24.2695461443802	20.344847246444218	18.126744731106083	18.170924200169583	19.579494188861773	25.326438362249867	26.46843810656123	19.93475915331138	1.0881126480738028	25.190262214114274	0.3089555150905683	0.953414919711018	18.798593433248815	20.58013011049669	19.38465730909665	26.86560165020501	1.0261919005884745	26.133234826209108	0.9090530837195091	26.42910781624848	17.74121701375193	0.0	20.677516302924314	26.53700655833135	0.3807951251061732	17.632329692911803	0.33381499287394095	19.225138961810615	24.61756674966142	26.882223904560927	0.9787719320338821	24.697003586294894	19.35606287374365
6.453592034181425	0.3417246931486835	3.41924929380832	3.2057494685989205	1.6463783819679052	7.3399330670897545	8.260816402543094	0.8842593669787938	20.702684996113646	7.2075104818459765	20.37102070751588	20.65366967173945	2.2317758122602207	0.31207633557536174	2.1062546245541958	9.13098689142119	20.425799621560472	8.222781852119136	19.835927206438686	8.537525255554067	3.9083153547266143	20.677516302924314	0.0	8.365150242241773	20.355818520611884	4.234176887061663	20.43951288965429	1.730603912676367	6.748131053092093	9.183979003336571	19.789691274030922	6.830461303249665	2.216661706102427
2.3019615465933767	8.507592020615826	8.936571365257597	9.009495164175787	8.247242715983113	1.2230072695105347	0.10634603939689474	8.480392954926927	26.829426989236293	1.365351273352976	26.250443626913153	26.749686604866827	8.87063939774793	8.191423955522264	8.14995265214854	0.8729665872024038	26.540023967276575	0.4803054866688337	25.635148642367096	0.41585219435507664	9.177481329083081	26.53700655833135	8.365150242241773	0.0	26.27735021806008	9.170253522957793	26.247141715206315	8.690857593100635	1.944345343397438	0.9374033828968193	25.572686421139263	1.8597659074546282	8.110762826478574
24.005676579564277	20.0239511355088	17.83160771909269	17.872288508192177	19.270984351675057	25.064979090933157	26.207928269684043	19.61804606405808	0.9417149976830871	24.928261437890164	0.164336981915514	0.7996236262351257	18.49016384855874	20.261422449231848	19.081209217082705	26.61452316010504	0.7877242349717742	25.876379195825862	0.74997543120514	26.17373226987744	17.450306206517876	0.3807951251061732	20.355818520611884	26.27735021806008	0.0	17.346305546556778	0.4427909174487633	18.91358256125224	24.354645073066195	26.63181841491162	0.8308482740520332	24.434513225003045	19.053992923637384
6.869679082893999	3.931770223190182	0.8193182885023971	1.061106200904434	2.6060022315565474	7.949483495822905	9.08732379430714	3.359665736507877	17.82855896131402	7.805870978840601	17.335578215297215	17.75867559135479	2.0574406939316097	3.9718489345466965	2.1909459269188525	9.666847839764223	17.541427348108417	8.829392343839094	16.747431313833737	9.148791027112303	0.36092157332030006	17.632329692911803	4.234176887061663	9.170253522957793	17.346305546556778	0.0	17.361168668750718	2.5330081436871277	7.2280298519916535	9.698146251883236	16.691114795450314	7.314017147624202	2.1031727283757897
23.982373125921697	20.105970337299784	17.862902715316107	17.910101779938984	19.32765536794326	25.03772290580967	26.179086609625895	19.691306807640725	1.3417158648277792	24.901883598675067	0.27953004000521087	1.2007212562313951	18.54678025235543	20.338774027821266	19.128019228644927	26.570823452478756	1.221728534630818	25.841747720397784	0.6139676878988314	26.136754169292967	17.47391784827566	0.33381499287394095	20.43951288965429	26.247141715206315	0.4427909174487633	17.361168668750718	0.0	18.97638545932772	24.329786369424355	26.58707755257829	0.6744679420440634	24.40895378885086	19.098160709039053
6.536046307860791	1.410716859190334	1.7136997887395515	1.4847017155310844	0.4438329119710395	7.54694444332263	8.592726898761335	0.8464366095504944	19.303672495574027	7.404418162291776	18.9208448649718	19.24793980636849	0.5016871688329796	1.5041330484047204	0.7106281889862257	9.362293889360046	19.022762086579352	8.458994789659034	18.36814353907547	8.785041616380749	2.194496625711846	19.225138961810615	1.730603912676367	8.690857593100635	18.91358256125224	2.5330081436871277	18.97638545932772	0.0	6.873254984060188	9.407422757995747	18.318731834270853	6.961027565330825	0.8165607936378442
0.35843260762022033	6.846438597282731	7.0126047519898185	7.095552765712487	6.43282799733864	0.7217012177083616	1.8652946582489125	6.748297582211848	24.898922254818057	0.5790975733678249	24.329634633463176	24.820262459492206	7.014391059299984	6.539445398138568	6.294922281389608	2.4988044324931264	24.60967852507736	1.615247001855404	23.71721102959006	1.9407780292783292	7.2411826118003955	24.61756674966142	6.748131053092093	1.944345343397438	24.354645073066195	7.2280298519916535	24.329786369424355	6.873254984060188	0.0	2.540629034104993	23.655441282840254	0.08841529373919438	6.247003537334959
2.8890109996069824	9.309665012879588	9.528429488813734	9.621075366897601	8.965796777347796	1.863911621175603	1.03822023631778	9.249639344355119	27.208223524029986	2.0046804896517854	26.599599295547797	27.124776258831535	9.55483400363446	8.996514825763073	8.835164055240906	0.06506234007092847	26.918447118074766	0.9616113067522426	25.977072032032908	0.6496636184961191	9.734543029922047	26.882223904560927	9.183979003336571	0.9374033828968193	26.63181841491162	9.698146251883236	26.58707755257829	9.407422757995747	2.540629034104993	0.0	25.912862332592486	2.4522796785121477	8.787621599752745
23.30808039874134	19.45549333925244	17.196200643632086	17.245004810785996	18.66790260108455	24.363314773475913	25.504647726908786	19.037383641843142	1.7357926979996556	24.227495459601304	0.7333278756912465	1.597793586243057	17.887100374523044	19.68636669834582	18.46526444245954	25.89656585372697	1.5218975635471321	25.16728489904124	0.08169015923057261	25.46231592758716	16.805543904975952	0.9787719320338821	19.789691274030922	25.572686421139263	0.8308482740520332	16.691114795450314	0.6744679420440634	18.318731834270853	23.655441282840254	25.912862332592486	0.0	23.734588508155188	18.434657813215146
0.44520472911592174	6.930215853279559	7.100336295861624	7.183621078239539	6.520510991328018	0.6367616483101821	1.7817700008878323	6.834118465604446	24.97993255454321	0.49546817949714494	24.4092484016781	24.90110332474916	7.1026880043991865	6.622846935343735	6.383187753555249	2.4104042605641927	24.690662047395623	1.527220498617044	23.796446761597924	1.8526194408209857	7.328083793504813	24.697003586294894	6.830461303249665	1.8597659074546282	24.434513225003045	7.314017147624202	24.40895378885086	6.961027565330825	0.08841529373919438	2.4522796785121477	23.734588508155188	0.0	6.33534401720426
5.901037861766543	1.957829038991102	1.3416663299698595	1.2145132205980964	0.5892772594760612	6.938739221931658	8.01569353550688	1.4079753270320594	19.47952259225985	6.794581522864635	19.05428909018872	19.418444469331607	0.7706133241122285	1.9274648274897395	0.11802440702322582	8.745324909140468	19.195891797593408	7.8509683810126845	18.486877819503906	8.177841856976288	1.824118406253455	19.35606287374365	2.216661706102427	8.110762826478574	19.053992923637384	2.1031727283757897	19.098160709039053	0.8165607936378442	6.247003537334959	8.787621599752745	18.434657813215146	6.33534401720426	0.0
